5.497242043184270415e+02
7.597330619505105176e+01
7.115393992488457116e+02
-3.018125732711788967e+00
1.897332045822584523e-01
-3.052774920796202718e+00
4.439297920808119784e+02
-2.532536651616272039e+01
5.944514371879070040e+02
3.025665048326052542e+00
1.015966357428172706e-01
2.883998162507608765e+00
4.423718911921520203e+02
-3.972544387305401159e+01
7.486490367690828407e+02
2.977378470637720209e+00
6.742117874740180539e-02
3.061568067356108536e+00
4.974158317914870509e+02
1.251772325865531741e+02
6.181137659264807098e+02
-3.120272024885394124e+00
1.150797126711801538e-01
-3.053894873562770229e+00
4.957552000330227884e+02
-9.961379956221233556e+01
6.181870784017197593e+02
2.940250512608109990e+00
7.173281021333841045e-02
-3.051249150075285410e+00
4.819325435321413806e+02
5.406252396150100736e+01
6.500713437083550161e+02
-2.934163449516367095e+00
-9.523516997843979592e-02
2.846827846921634375e+00
5.176397726656950908e+02
-1.055864526655388289e+02
6.793579947940844477e+02
3.127870496228443820e+00
4.529576732645074905e-02
3.124231545348471695e+00
5.321438552981172734e+02
8.759637443343207508e+01
6.306200154307656476e+02
-2.939435640945474049e+00
3.367235983248680342e-01
-3.041850296008647092e+00
5.020891238453755818e+02
-2.134704411718286110e+01
6.723587071140646003e+02
2.992486398705274553e+00
-5.655908336578606421e-02
-2.924492958795982922e+00
5.339088480361057236e+02
6.974410792549987548e+01
6.874350541440378493e+02
-2.975027450600571388e+00
2.576912668827189071e-02
3.005818232793505462e+00
5.388284495480313581e+02
4.377007097452476359e+01
6.627220240845906574e+02
2.849307560509616088e+00
-1.343685829195548354e-01
-2.959135889344415737e+00
4.850750936068747023e+02
1.686968192804114040e+02
5.953445271663219955e+02
-2.924013080084326255e+00
-2.295011533385061253e-01
-3.033837251651354094e+00
5.095087425083427206e+02
5.787536011460853302e+01
7.068042093871855513e+02
2.983555089842937047e+00
-2.340692898390193087e-03
2.929965297179533579e+00
4.744643557654214874e+02
4.709162069673294582e+01
7.541346871111843484e+02
-2.814060932296030604e+00
-1.345010680602429232e-01
-3.073109838567912977e+00
5.580314326178881856e+02
-2.233545647729073824e+00
5.907424428016868205e+02
3.140996923691274034e+00
-4.587282030742578787e-02
3.012972726851890215e+00
5.503108115909222988e+02
-1.758932707851627342e+01
5.815459029837409162e+02
3.025594093916701421e+00
2.409898832504053234e-01
2.960063043997728904e+00
4.950507961408417827e+02
-4.485310220440456419e+01
5.798195212358031085e+02
2.979143490158862040e+00
6.405957799976370881e-02
3.115154394585899489e+00
4.636563763435385681e+02
-5.976474291835725694e+01
6.168137497711915103e+02
2.976454763881630328e+00
1.377511769510812445e-01
3.109246866913642382e+00
4.069931644466192324e+02
-2.669225054891442284e+01
6.230011395505840710e+02
-2.837901748256746792e+00
3.689502850114920740e-01
-2.889797898488970507e+00
4.353543189226375034e+02
-2.926919481809395407e+01
7.291928805620477760e+02
3.101207855099411770e+00
-2.830158503720381358e-01
3.071463884032385572e+00
5.482613267872546885e+02
4.439392062516096082e+00
6.450162717355015047e+02
3.093169677244058668e+00
-1.763323930611512269e-01
2.912915222940776871e+00
5.370909165262272609e+02
-7.196536604941323390e+01
6.575831462450796607e+02
-2.913237873816981960e+00
-1.270764046567887107e-01
-2.971164719679285415e+00
4.364338262397591279e+02
3.614188165245330264e+00
6.548659216107089378e+02
-3.035686428835638662e+00
5.757819727271643040e-02
-2.939369124399359823e+00
5.052081303306912901e+02
-9.132037288220651305e+01
5.007026272926639194e+02
2.853634053751464617e+00
1.220786090116446343e-02
3.063838074872700101e+00
5.007314469228792291e+02
-1.379773461155852203e+02
7.153398812493871901e+02
-2.986962642580675897e+00
-7.294753200184843356e-02
3.049538207263630341e+00
5.873869444134492142e+02
-3.502631925371468924e+01
5.904380007903305341e+02
-3.081871458492111415e+00
1.973677418225723845e-01
2.993102924169935619e+00
5.005378229266848962e+02
4.372145086395937597e+01
6.307390827343876936e+02
3.109890058979382310e+00
5.043562657051232911e-02
3.007585871127106181e+00
5.005484374334774884e+02
-7.587460541706758477e+01
7.938184628307571984e+02
-3.034515487418151469e+00
9.366152649064317381e-02
2.950043234005017112e+00